60
 generated by VMD
 C         3.403859        0.000000        0.000000
 C         3.109580        1.384474        0.000000
 C         2.753780        2.000738        1.228024
 C         1.701929        2.947828        1.228024
 C         1.051850        3.237262        0.000000
 C        -0.355800        3.385212        0.000000
 C        -1.051850        3.237262        1.228024
 C        -2.277626        2.529560        1.228024
 C        -2.753780        2.000738        0.000000
 C        -3.329476        0.707702        0.000000
 C        -3.403859        0.000000        1.228024
 C        -3.109580       -1.384474        1.228024
 C        -2.753780       -2.000738        0.000000
 C        -1.701929       -2.947828        0.000000
 C        -1.051850       -3.237262        1.228024
 C         0.355800       -3.385212        1.228024
 C         1.051850       -3.237262        0.000000
 C         2.277626       -2.529560        0.000000
 C         2.753780       -2.000738        1.228024
 C         3.329476       -0.707702        1.228024
 C         3.403859        0.000000        2.456048
 C         3.109580        1.384474        2.456048
 C         2.753780        2.000738        3.684072
 C         1.701929        2.947828        3.684072
 C         1.051850        3.237262        2.456048
 C        -0.355800        3.385212        2.456048
 C        -1.051850        3.237262        3.684072
 C        -2.277626        2.529560        3.684072
 C        -2.753780        2.000738        2.456048
 C        -3.329476        0.707702        2.456048
 C        -3.403859        0.000000        3.684072
 C        -3.109580       -1.384474        3.684072
 C        -2.753780       -2.000738        2.456048
 C        -1.701929       -2.947828        2.456048
 C        -1.051850       -3.237262        3.684072
 C         0.355800       -3.385212        3.684072
 C         1.051850       -3.237262        2.456048
 C         2.277626       -2.529560        2.456048
 C         2.753780       -2.000738        3.684072
 C         3.329476       -0.707702        3.684072
 C         3.403859        0.000000        4.912096
 C         3.109580        1.384474        4.912096
 C         2.753780        2.000738        6.140120
 C         1.701929        2.947828        6.140120
 C         1.051850        3.237262        4.912096
 C        -0.355800        3.385212        4.912096
 C        -1.051850        3.237262        6.140120
 C        -2.277626        2.529560        6.140120
 C        -2.753780        2.000738        4.912096
 C        -3.329476        0.707702        4.912096
 C        -3.403859        0.000000        6.140120
 C        -3.109580       -1.384474        6.140120
 C        -2.753780       -2.000738        4.912096
 C        -1.701929       -2.947828        4.912096
 C        -1.051850       -3.237262        6.140120
 C         0.355800       -3.385212        6.140120
 C         1.051850       -3.237262        4.912096
 C         2.277626       -2.529560        4.912096
 C         2.753780       -2.000738        6.140120
 C         3.329476       -0.707702        6.140120
