1.415404 
2.435898 
3.618605 
4.001476 
5.059120 
5.642805 
6.339242 
6.474525 
6.770424 
6.917591 
6.771241 
6.474525 
5.895656 
5.642805 
4.717877 
4.001476 
2.768948 
2.435898 
1.419302 
2.456048 
2.834703 
4.242398 
5.015839 
4.695102 
5.623777 
6.626130 
7.228439 
6.924712 
7.202140 
7.740634 
7.610128 
6.924712 
6.386778 
6.626130 
5.858559 
4.695102 
3.701249 
4.242398 
3.752168 
4.912096 
5.111952 
6.490503 
7.020494 
6.335653 
7.051481 
8.248290 
8.739509 
8.127002 
8.364648 
9.167666 
9.057744 
8.127002 
7.673816 
8.248290 
7.645351 
6.335653 
5.638773 
6.490503 
6.181217 
1.419302 
2.435898 
2.768949 
4.001476 
4.717877 
5.642805 
5.895657 
6.474524 
6.771241 
6.917591 
6.770425 
6.474524 
6.339242 
5.642805 
5.059120 
4.001476 
3.618604 
2.435898 
2.834703 
2.456048 
3.752168 
4.242398 
3.701250 
4.695102 
5.858559 
6.626130 
6.386779 
6.924712 
7.610128 
7.740634 
7.202140 
6.924712 
7.228439 
6.626130 
5.623777 
4.695102 
5.015839 
4.242398 
5.111952 
4.912096 
6.181217 
6.490503 
5.638773 
6.335653 
7.645351 
8.248290 
7.673816 
8.127001 
9.057744 
9.167666 
8.364648 
8.127001 
8.739509 
8.248290 
7.051481 
6.335653 
7.020493 
6.490503 
1.415405 
2.435898 
3.618605 
4.001476 
5.059120 
5.642806 
6.339242 
6.474525 
6.770425 
6.917591 
6.771240 
6.474524 
5.895656 
5.642805 
4.717877 
4.001476 
2.768948 
2.435898 
1.419302 
2.456048 
2.834703 
2.435898 
3.618605 
4.695102 
5.623777 
5.642806 
6.339242 
6.924712 
7.202140 
6.917591 
6.771240 
6.924712 
6.386778 
5.642805 
4.717877 
4.695102 
3.701249 
4.242398 
3.752168 
4.912096 
5.111952 
4.242398 
5.015839 
6.335653 
7.051481 
6.626130 
7.228439 
8.127002 
8.364648 
7.740634 
7.610127 
8.127001 
7.673816 
6.626130 
5.858559 
6.335653 
5.638773 
1.419302 
2.435897 
2.768948 
4.001475 
4.717877 
5.642805 
5.895656 
6.474524 
6.771240 
6.917590 
6.770424 
6.474524 
6.339242 
5.642805 
5.059120 
4.001476 
3.618605 
2.435898 
2.834703 
2.456048 
1.419302 
2.435897 
3.701249 
4.695101 
4.717877 
5.642805 
6.386778 
6.924712 
6.771240 
6.917590 
7.202139 
6.924712 
6.339242 
5.642805 
5.623777 
4.695102 
5.015839 
4.242398 
5.111952 
4.912096 
3.752168 
4.242398 
5.638773 
6.335653 
5.858559 
6.626129 
7.673816 
8.127001 
7.610127 
7.740633 
8.364647 
8.127001 
7.228439 
6.626130 
7.051481 
6.335653 
1.415404 
2.435898 
3.618604 
4.001476 
5.059120 
5.642805 
6.339242 
6.474524 
6.770424 
6.917590 
6.771240 
6.474524 
5.895656 
5.642805 
4.717877 
4.695102 
3.701250 
4.242398 
3.752168 
2.456048 
2.834703 
4.242398 
5.015839 
4.695102 
5.623777 
6.626130 
7.228439 
6.924712 
7.202139 
7.740633 
7.610127 
6.924712 
6.386778 
6.626130 
5.858558 
6.335653 
5.638773 
6.490503 
6.181217 
4.912096 
5.111952 
6.490503 
7.020493 
6.335653 
7.051481 
8.248290 
8.739509 
8.127001 
8.364647 
9.167665 
9.057744 
8.127001 
7.673816 
8.248290 
7.645351 
1.419302 
2.435898 
2.768949 
4.001476 
4.717877 
5.642805 
5.895656 
6.474524 
6.771240 
6.917591 
6.770424 
6.474524 
6.339242 
5.642805 
5.623777 
4.695102 
5.015839 
4.242398 
2.834703 
2.456048 
3.752168 
4.242398 
3.701250 
4.695102 
5.858559 
6.626130 
6.386778 
6.924712 
7.610127 
7.740633 
7.202139 
6.924712 
7.228439 
6.626129 
7.051481 
6.335653 
7.020494 
6.490503 
5.111952 
4.912096 
6.181217 
6.490503 
5.638773 
6.335653 
7.645351 
8.248290 
7.673816 
8.127001 
9.057744 
9.167665 
8.364647 
8.127001 
8.739509 
8.248289 
1.415404 
2.435898 
3.618604 
4.001476 
5.059120 
5.642805 
6.339242 
6.474524 
6.770424 
6.917590 
6.771240 
6.474524 
5.895656 
5.642805 
4.717877 
4.695102 
3.701249 
2.435898 
1.419302 
2.456048 
2.834703 
2.435898 
3.618604 
4.695102 
5.623777 
5.642805 
6.339242 
6.924712 
7.202139 
6.917590 
6.771240 
6.924712 
6.386778 
6.626130 
5.858559 
6.335653 
5.638773 
4.242398 
3.752168 
4.912096 
5.111952 
4.242398 
5.015839 
6.335653 
7.051481 
6.626130 
7.228439 
8.127001 
8.364647 
7.740633 
7.610127 
8.127001 
7.673816 
1.419302 
2.435898 
2.768948 
4.001476 
4.717877 
5.642805 
5.895656 
6.474524 
6.771240 
6.917591 
6.770424 
6.474524 
6.339242 
5.642805 
5.623777 
4.695101 
3.618604 
2.435898 
2.834703 
2.456048 
1.419302 
2.435898 
3.701249 
4.695102 
4.717877 
5.642805 
6.386778 
6.924712 
6.771240 
6.917591 
7.202140 
6.924712 
7.228439 
6.626130 
7.051481 
6.335653 
5.015839 
4.242398 
5.111952 
4.912096 
3.752168 
4.242398 
5.638773 
6.335653 
5.858559 
6.626130 
7.673816 
8.127001 
7.610127 
7.740633 
8.364648 
8.127001 
1.415404 
2.435898 
3.618604 
4.001476 
5.059120 
5.642805 
6.339242 
6.474524 
6.770424 
6.917591 
6.771240 
6.924712 
6.386779 
6.626130 
5.858559 
4.695102 
3.701250 
4.242398 
3.752168 
2.456048 
2.834703 
4.242398 
5.015839 
4.695102 
5.623777 
6.626130 
7.228439 
6.924712 
7.202140 
7.740634 
7.610127 
8.127002 
7.673816 
8.248290 
7.645351 
6.335653 
5.638773 
6.490503 
6.181217 
4.912096 
5.111952 
6.490503 
7.020493 
6.335653 
7.051481 
8.248290 
8.739509 
8.127001 
8.364648 
9.167666 
9.057744 
1.419302 
2.435898 
2.768948 
4.001476 
4.717877 
5.642805 
5.895656 
6.474524 
6.771240 
6.917590 
7.202140 
6.924712 
7.228439 
6.626129 
5.623777 
4.695102 
5.015839 
4.242398 
2.834703 
2.456048 
3.752168 
4.242398 
3.701249 
4.695102 
5.858558 
6.626129 
6.386778 
6.924712 
7.610127 
7.740633 
8.364648 
8.127001 
8.739509 
8.248289 
7.051481 
6.335653 
7.020493 
6.490503 
5.111952 
4.912096 
6.181217 
6.490503 
5.638773 
6.335653 
7.645351 
8.248289 
7.673816 
8.127001 
9.057744 
9.167665 
1.415404 
2.435898 
3.618605 
4.001476 
5.059120 
5.642805 
6.339242 
6.474525 
6.770424 
6.917591 
6.771241 
6.924712 
6.386778 
5.642805 
4.717877 
4.695102 
3.701249 
2.435898 
1.419302 
2.456048 
2.834703 
2.435898 
3.618605 
4.695102 
5.623777 
5.642805 
6.339242 
6.924712 
7.202140 
7.740634 
7.610128 
8.127002 
7.673816 
6.626130 
5.858559 
6.335653 
5.638773 
4.242398 
3.752168 
4.912096 
5.111952 
4.242398 
5.015839 
6.335653 
7.051481 
6.626130 
7.228439 
8.127002 
8.364648 
1.419302 
2.435898 
2.768949 
4.001476 
4.717877 
5.642805 
5.895657 
6.474524 
6.771241 
6.917591 
7.202140 
6.924712 
6.339242 
5.642805 
5.623777 
4.695102 
3.618604 
2.435898 
2.834703 
2.456048 
1.419302 
2.435898 
3.701250 
4.695102 
4.717877 
5.642805 
6.386779 
6.924712 
7.610128 
7.740634 
8.364648 
8.127001 
7.228439 
6.626130 
7.051481 
6.335653 
5.015839 
4.242398 
5.111952 
4.912096 
3.752168 
4.242398 
5.638773 
6.335653 
5.858559 
6.626130 
7.673816 
8.127001 
1.415405 
2.435898 
3.618605 
4.001476 
5.059120 
5.642806 
6.339242 
6.924712 
7.202140 
7.740634 
7.610127 
6.924712 
6.386778 
6.626130 
5.858559 
4.695102 
3.701249 
4.242398 
3.752168 
2.456048 
2.834703 
4.242398 
5.015839 
4.695102 
5.623777 
6.626130 
7.228439 
8.127002 
8.364648 
9.167666 
9.057744 
8.127001 
7.673816 
8.248290 
7.645351 
6.335653 
5.638773 
6.490503 
6.181217 
4.912096 
5.111952 
6.490503 
7.020494 
6.335653 
7.051481 
8.248290 
8.739509 
1.419302 
2.435897 
2.768948 
4.001475 
4.717877 
5.642805 
6.386778 
6.924712 
7.610127 
7.740633 
7.202139 
6.924712 
7.228439 
6.626130 
5.623777 
4.695102 
5.015839 
4.242398 
2.834703 
2.456048 
3.752168 
4.242398 
3.701249 
4.695101 
5.858559 
6.626129 
7.673816 
8.127001 
9.057744 
9.167665 
8.364647 
8.127001 
8.739509 
8.248290 
7.051481 
6.335653 
7.020494 
6.490503 
5.111952 
4.912096 
6.181217 
6.490503 
5.638773 
6.335653 
7.645351 
8.248289 
1.415404 
2.435898 
3.618604 
4.001476 
5.059120 
5.642805 
6.339242 
6.924712 
7.202139 
6.917590 
6.771240 
6.924712 
6.386778 
5.642805 
4.717877 
4.695102 
3.701250 
2.435898 
1.419302 
2.456048 
2.834703 
2.435898 
3.618604 
4.695102 
5.623777 
6.626130 
7.228439 
8.127001 
8.364647 
7.740633 
7.610127 
8.127001 
7.673816 
6.626130 
5.858558 
6.335653 
5.638773 
4.242398 
3.752168 
4.912096 
5.111952 
4.242398 
5.015839 
6.335653 
7.051481 
1.419302 
2.435898 
2.768949 
4.001476 
4.717877 
5.642805 
6.386778 
6.924712 
6.771240 
6.917591 
7.202139 
6.924712 
6.339242 
5.642805 
5.623777 
4.695102 
3.618605 
2.435897 
2.834703 
2.456048 
1.419302 
2.435898 
3.701250 
4.695102 
5.858559 
6.626130 
7.673816 
8.127001 
7.610127 
7.740633 
8.364647 
8.127001 
7.228439 
6.626129 
7.051481 
6.335653 
5.015839 
4.242398 
5.111952 
4.912096 
3.752168 
4.242398 
5.638773 
6.335653 
1.415404 
2.435898 
3.618604 
4.695102 
5.623777 
6.626130 
7.228439 
6.924712 
7.202139 
7.740633 
7.610127 
6.924712 
6.386778 
6.626130 
5.858559 
4.695102 
3.701249 
4.242398 
3.752168 
2.456048 
2.834703 
4.242398 
5.015839 
6.335653 
7.051481 
8.248290 
8.739509 
8.127001 
8.364647 
9.167665 
9.057744 
8.127001 
7.673816 
8.248290 
7.645351 
6.335653 
5.638773 
6.490503 
6.181217 
4.912096 
5.111952 
6.490503 
7.020493 
1.419302 
2.435898 
3.701249 
4.695102 
5.858559 
6.626130 
6.386778 
6.924712 
7.610127 
7.740633 
7.202140 
6.924712 
7.228439 
6.626130 
5.623777 
4.695101 
5.015839 
4.242398 
2.834703 
2.456048 
3.752168 
4.242398 
5.638773 
6.335653 
7.645351 
8.248290 
7.673816 
8.127001 
9.057744 
9.167665 
8.364648 
8.127001 
8.739509 
8.248290 
7.051481 
6.335653 
7.020493 
6.490503 
5.111952 
4.912096 
6.181217 
6.490503 
1.415404 
2.435898 
3.618604 
4.695102 
5.623777 
5.642805 
6.339242 
6.924712 
7.202140 
6.917591 
6.771240 
6.924712 
6.386779 
5.642806 
4.717877 
4.695102 
3.701250 
2.435898 
1.419302 
2.456048 
2.834703 
4.242398 
5.015839 
6.335653 
7.051481 
6.626130 
7.228439 
8.127001 
8.364648 
7.740634 
7.610127 
8.127002 
7.673816 
6.626130 
5.858559 
6.335653 
5.638773 
4.242398 
3.752168 
4.912096 
5.111952 
1.419302 
2.435898 
3.701249 
4.695102 
4.717877 
5.642805 
6.386778 
6.924712 
6.771240 
6.917590 
7.202140 
6.924712 
6.339242 
5.642805 
5.623777 
4.695102 
3.618604 
2.435898 
2.834703 
2.456048 
3.752168 
4.242398 
5.638773 
6.335653 
5.858558 
6.626129 
7.673816 
8.127001 
7.610127 
7.740633 
8.364648 
8.127001 
7.228439 
6.626129 
7.051481 
6.335653 
5.015839 
4.242398 
5.111952 
4.912096 
1.415404 
2.435898 
3.618605 
4.001476 
5.059120 
5.642805 
6.339242 
6.474525 
6.770424 
6.917591 
6.771241 
6.474525 
5.895656 
5.642805 
4.717877 
4.001476 
2.768948 
2.435898 
1.419302 
2.456048 
2.834703 
4.242398 
5.015839 
4.695102 
5.623777 
6.626130 
7.228439 
6.924712 
7.202140 
7.740634 
7.610128 
6.924712 
6.386778 
6.626130 
5.858559 
4.695102 
3.701249 
4.242398 
3.752168 
1.419302 
2.435898 
2.768949 
4.001476 
4.717877 
5.642805 
5.895657 
6.474524 
6.771241 
6.917591 
6.770425 
6.474524 
6.339242 
5.642805 
5.059120 
4.001476 
3.618604 
2.435898 
2.834703 
2.456048 
3.752168 
4.242398 
3.701250 
4.695102 
5.858559 
6.626130 
6.386779 
6.924712 
7.610128 
7.740634 
7.202140 
6.924712 
7.228439 
6.626130 
5.623777 
4.695102 
5.015839 
4.242398 
1.415405 
2.435898 
3.618605 
4.001476 
5.059120 
5.642806 
6.339242 
6.474525 
6.770425 
6.917591 
6.771240 
6.474524 
5.895656 
5.642805 
4.717877 
4.001476 
2.768948 
2.435898 
1.419302 
2.456048 
2.834703 
2.435898 
3.618605 
4.695102 
5.623777 
5.642806 
6.339242 
6.924712 
7.202140 
6.917591 
6.771240 
6.924712 
6.386778 
5.642805 
4.717877 
4.695102 
3.701249 
1.419302 
2.435897 
2.768948 
4.001475 
4.717877 
5.642805 
5.895656 
6.474524 
6.771240 
6.917590 
6.770424 
6.474524 
6.339242 
5.642805 
5.059120 
4.001476 
3.618605 
2.435898 
2.834703 
2.456048 
1.419302 
2.435897 
3.701249 
4.695101 
4.717877 
5.642805 
6.386778 
6.924712 
6.771240 
6.917590 
7.202139 
6.924712 
6.339242 
5.642805 
5.623777 
4.695102 
1.415404 
2.435898 
3.618604 
4.001476 
5.059120 
5.642805 
6.339242 
6.474524 
6.770424 
6.917590 
6.771240 
6.474524 
5.895656 
5.642805 
4.717877 
4.695102 
3.701250 
4.242398 
3.752168 
2.456048 
2.834703 
4.242398 
5.015839 
4.695102 
5.623777 
6.626130 
7.228439 
6.924712 
7.202139 
7.740633 
7.610127 
6.924712 
6.386778 
6.626130 
5.858558 
1.419302 
2.435898 
2.768949 
4.001476 
4.717877 
5.642805 
5.895656 
6.474524 
6.771240 
6.917591 
6.770424 
6.474524 
6.339242 
5.642805 
5.623777 
4.695102 
5.015839 
4.242398 
2.834703 
2.456048 
3.752168 
4.242398 
3.701250 
4.695102 
5.858559 
6.626130 
6.386778 
6.924712 
7.610127 
7.740633 
7.202139 
6.924712 
7.228439 
6.626129 
1.415404 
2.435898 
3.618604 
4.001476 
5.059120 
5.642805 
6.339242 
6.474524 
6.770424 
6.917590 
6.771240 
6.474524 
5.895656 
5.642805 
4.717877 
4.695102 
3.701249 
2.435898 
1.419302 
2.456048 
2.834703 
2.435898 
3.618604 
4.695102 
5.623777 
5.642805 
6.339242 
6.924712 
7.202139 
6.917590 
6.771240 
6.924712 
6.386778 
1.419302 
2.435898 
2.768948 
4.001476 
4.717877 
5.642805 
5.895656 
6.474524 
6.771240 
6.917591 
6.770424 
6.474524 
6.339242 
5.642805 
5.623777 
4.695101 
3.618604 
2.435898 
2.834703 
2.456048 
1.419302 
2.435898 
3.701249 
4.695102 
4.717877 
5.642805 
6.386778 
6.924712 
6.771240 
6.917591 
7.202140 
6.924712 
1.415404 
2.435898 
3.618604 
4.001476 
5.059120 
5.642805 
6.339242 
6.474524 
6.770424 
6.917591 
6.771240 
6.924712 
6.386779 
6.626130 
5.858559 
4.695102 
3.701250 
4.242398 
3.752168 
2.456048 
2.834703 
4.242398 
5.015839 
4.695102 
5.623777 
6.626130 
7.228439 
6.924712 
7.202140 
7.740634 
7.610127 
1.419302 
2.435898 
2.768948 
4.001476 
4.717877 
5.642805 
5.895656 
6.474524 
6.771240 
6.917590 
7.202140 
6.924712 
7.228439 
6.626129 
5.623777 
4.695102 
5.015839 
4.242398 
2.834703 
2.456048 
3.752168 
4.242398 
3.701249 
4.695102 
5.858558 
6.626129 
6.386778 
6.924712 
7.610127 
7.740633 
1.415404 
2.435898 
3.618605 
4.001476 
5.059120 
5.642805 
6.339242 
6.474525 
6.770424 
6.917591 
6.771241 
6.924712 
6.386778 
5.642805 
4.717877 
4.695102 
3.701249 
2.435898 
1.419302 
2.456048 
2.834703 
2.435898 
3.618605 
4.695102 
5.623777 
5.642805 
6.339242 
6.924712 
7.202140 
1.419302 
2.435898 
2.768949 
4.001476 
4.717877 
5.642805 
5.895657 
6.474524 
6.771241 
6.917591 
7.202140 
6.924712 
6.339242 
5.642805 
5.623777 
4.695102 
3.618604 
2.435898 
2.834703 
2.456048 
1.419302 
2.435898 
3.701250 
4.695102 
4.717877 
5.642805 
6.386779 
6.924712 
1.415405 
2.435898 
3.618605 
4.001476 
5.059120 
5.642806 
6.339242 
6.924712 
7.202140 
7.740634 
7.610127 
6.924712 
6.386778 
6.626130 
5.858559 
4.695102 
3.701249 
4.242398 
3.752168 
2.456048 
2.834703 
4.242398 
5.015839 
4.695102 
5.623777 
6.626130 
7.228439 
1.419302 
2.435897 
2.768948 
4.001475 
4.717877 
5.642805 
6.386778 
6.924712 
7.610127 
7.740633 
7.202139 
6.924712 
7.228439 
6.626130 
5.623777 
4.695102 
5.015839 
4.242398 
2.834703 
2.456048 
3.752168 
4.242398 
3.701249 
4.695101 
5.858559 
6.626129 
1.415404 
2.435898 
3.618604 
4.001476 
5.059120 
5.642805 
6.339242 
6.924712 
7.202139 
6.917590 
6.771240 
6.924712 
6.386778 
5.642805 
4.717877 
4.695102 
3.701250 
2.435898 
1.419302 
2.456048 
2.834703 
2.435898 
3.618604 
4.695102 
5.623777 
1.419302 
2.435898 
2.768949 
4.001476 
4.717877 
5.642805 
6.386778 
6.924712 
6.771240 
6.917591 
7.202139 
6.924712 
6.339242 
5.642805 
5.623777 
4.695102 
3.618605 
2.435897 
2.834703 
2.456048 
1.419302 
2.435898 
3.701250 
4.695102 
1.415404 
2.435898 
3.618604 
4.695102 
5.623777 
6.626130 
7.228439 
6.924712 
7.202139 
7.740633 
7.610127 
6.924712 
6.386778 
6.626130 
5.858559 
4.695102 
3.701249 
4.242398 
3.752168 
2.456048 
2.834703 
4.242398 
5.015839 
1.419302 
2.435898 
3.701249 
4.695102 
5.858559 
6.626130 
6.386778 
6.924712 
7.610127 
7.740633 
7.202140 
6.924712 
7.228439 
6.626130 
5.623777 
4.695101 
5.015839 
4.242398 
2.834703 
2.456048 
3.752168 
4.242398 
1.415404 
2.435898 
3.618604 
4.695102 
5.623777 
5.642805 
6.339242 
6.924712 
7.202140 
6.917591 
6.771240 
6.924712 
6.386779 
5.642806 
4.717877 
4.695102 
3.701250 
2.435898 
1.419302 
2.456048 
2.834703 
1.419302 
2.435898 
3.701249 
4.695102 
4.717877 
5.642805 
6.386778 
6.924712 
6.771240 
6.917590 
7.202140 
6.924712 
6.339242 
5.642805 
5.623777 
4.695102 
3.618604 
2.435898 
2.834703 
2.456048 
1.415404 
2.435898 
3.618605 
4.001476 
5.059120 
5.642805 
6.339242 
6.474525 
6.770424 
6.917591 
6.771241 
6.474525 
5.895656 
5.642805 
4.717877 
4.001476 
2.768948 
2.435898 
1.419302 
1.419302 
2.435898 
2.768949 
4.001476 
4.717877 
5.642805 
5.895657 
6.474524 
6.771241 
6.917591 
6.770425 
6.474524 
6.339242 
5.642805 
5.059120 
4.001476 
3.618604 
2.435898 
1.415405 
2.435898 
3.618605 
4.001476 
5.059120 
5.642806 
6.339242 
6.474525 
6.770425 
6.917591 
6.771240 
6.474524 
5.895656 
5.642805 
4.717877 
4.001476 
2.768948 
1.419302 
2.435897 
2.768948 
4.001475 
4.717877 
5.642805 
5.895656 
6.474524 
6.771240 
6.917590 
6.770424 
6.474524 
6.339242 
5.642805 
5.059120 
4.001476 
1.415404 
2.435898 
3.618604 
4.001476 
5.059120 
5.642805 
6.339242 
6.474524 
6.770424 
6.917590 
6.771240 
6.474524 
5.895656 
5.642805 
4.717877 
1.419302 
2.435898 
2.768949 
4.001476 
4.717877 
5.642805 
5.895656 
6.474524 
6.771240 
6.917591 
6.770424 
6.474524 
6.339242 
5.642805 
1.415404 
2.435898 
3.618604 
4.001476 
5.059120 
5.642805 
6.339242 
6.474524 
6.770424 
6.917590 
6.771240 
6.474524 
5.895656 
1.419302 
2.435898 
2.768948 
4.001476 
4.717877 
5.642805 
5.895656 
6.474524 
6.771240 
6.917591 
6.770424 
6.474524 
1.415404 
2.435898 
3.618604 
4.001476 
5.059120 
5.642805 
6.339242 
6.474524 
6.770424 
6.917591 
6.771240 
1.419302 
2.435898 
2.768948 
4.001476 
4.717877 
5.642805 
5.895656 
6.474524 
6.771240 
6.917590 
1.415404 
2.435898 
3.618605 
4.001476 
5.059120 
5.642805 
6.339242 
6.474525 
6.770424 
1.419302 
2.435898 
2.768949 
4.001476 
4.717877 
5.642805 
5.895657 
6.474524 
1.415405 
2.435898 
3.618605 
4.001476 
5.059120 
5.642806 
6.339242 
1.419302 
2.435897 
2.768948 
4.001475 
4.717877 
5.642805 
1.415404 
2.435898 
3.618604 
4.001476 
5.059120 
1.419302 
2.435898 
2.768949 
4.001476 
1.415404 
2.435898 
3.618604 
1.419302 
2.435898 
1.415404 
